n  a	   b	   c	   fa	    fc
1 1.00000 2.00000 1.50000 -1.62091 -0.21221
2 1.50000 2.00000 1.75000 -0.21221 0.53474
3 1.50000 1.75000 1.62500 -0.21221 0.16253
4 1.50000 1.62500 1.56250 -0.21221 -0.02489
5 1.56250 1.62500 1.59375 -0.02489 0.06885
6 1.56250 1.59375 1.57812 -0.02489 0.02199
7 1.56250 1.57812 1.57031 -0.02489 -0.00145
8 1.57031 1.57812 1.57422 -0.00145 0.01027
9 1.57031 1.57422 1.57227 -0.00145 0.00441
10 1.57031 1.57227 1.57129 -0.00145 0.00148
11 1.57031 1.57129 1.57080 -0.00145 0.00001
12 1.57031 1.57080 1.57056 -0.00145 -0.00072
13 1.57056 1.57080 1.57068 -0.00072 -0.00035
14 1.57068 1.57080 1.57074 -0.00035 -0.00017
15 1.57074 1.57080 1.57077 -0.00017 -0.00008
16 1.57077 1.57080 1.57079 -0.00008 -0.00003
17 1.57079 1.57080 1.57079 -0.00003 -0.00001
18 1.57079 1.57080 1.57080 -0.00001 0.00000
19 1.57079 1.57080 1.57080 -0.00001 -0.00000
20 1.57080 1.57080 1.57080 -0.00000 -0.00000
x: 1.570796
y: -0.000001
n: 20
